0.093542 1.777657 0.013499 
0.074045 0.053435 1.391445 
0.020039 0.077878 0.023134 

0.093542 1.777657 0.013499 0.074045 0.053435 1.391445 0.020039 0.077878 0.023134 -1.000000 
1 2 3 1 2 3 1 2 3 10 
1 4 7 
0.093542 0.074045 0.020039 1.777657 0.053435 0.077878 0.013499 1.391445 0.023134 -1.000000 
1 2 3 1 2 3 1 2 3 10 
1 4 7 
0.093542 1.777657 0.013499 
0.074045 0.053435 1.391445 
0.020039 0.077878 0.023134 

0.093542 1.777657 0.013499 0.074045 0.053435 1.391445 0.020039 0.077878 0.023134 -1.000000 
1 2 3 1 2 3 1 2 3 10 
1 4 7 
0.093542 0.074045 0.020039 1.777657 0.053435 0.077878 0.013499 1.391445 0.023134 -1.000000 
1 2 3 1 2 3 1 2 3 10 
1 4 7 
0.031201 1.945370 0.098228 
0.030285 0.014830 1.907510 
0.038046 0.108056 0.065756 

0.031201 1.945370 0.098228 0.030285 0.014830 1.907510 0.038046 0.108056 0.065756 -1.000000 
1 2 3 1 2 3 1 2 3 10 
1 4 7 
0.031201 0.030285 0.038046 1.945370 0.014830 0.108056 0.098228 1.907510 0.065756 -1.000000 
1 2 3 1 2 3 1 2 3 10 
1 4 7 
0.031201 1.945370 0.098228 
0.030285 0.014830 1.907510 
0.038046 0.108056 0.065756 

0.031201 1.945370 0.098228 0.030285 0.014830 1.907510 0.038046 0.108056 0.065756 -1.000000 
1 2 3 1 2 3 1 2 3 10 
1 4 7 
0.031201 0.030285 0.038046 1.945370 0.014830 0.108056 0.098228 1.907510 0.065756 -1.000000 
1 2 3 1 2 3 1 2 3 10 
1 4 7 
